26 26
0 0
8 8 8 8 8 8 8 8 8 8 8 8 8 8 8 8 8 8 8 8 8 8 8 8 8 8
8 7 7 7 7 7 6 6 6 6 6 6 6 6 6 2 2 2 0 0 0 8 8 8 8 8
8 7 7 7 7 7 8 8 8 8 8 8 8 2 6 2 2 2 0 0 0 8 8 8 8 8
8 7 7 7 7 7 8 8 8 8 8 8 8 2 6 6 6 6 6 0 0 8 8 8 8 8
8 7 7 7 7 7 8 8 8 8 8 8 8 2 2 2 2 2 0 0 0 0 0 0 0 8
8 7 7 8 8 8 8 8 8 8 8 8 8 2 2 2 2 2 0 0 0 0 0 0 0 8
8 7 7 8 8 8 8 8 8 8 8 8 8 0 0 0 0 0 0 0 0 3 3 3 0 8
8 7 7 8 8 0 0 0 0 0 0 0 0 0 0 0 0 0 0 0 0 3 3 3 0 8
8 7 7 8 8 0 0 0 0 0 0 0 0 0 0 0 0 0 0 0 0 3 3 3 0 8
8 6 7 8 8 0 6 6 0 0 0 0 0 0 8 8 8 8 8 0 0 0 0 0 0 8
8 0 6 8 8 0 6 6 6 0 0 0 0 0 8 8 8 8 8 0 0 0 0 0 0 8
8 0 0 8 8 0 6 8 6 0 0 0 0 0 0 0 8 8 0 0 0 0 0 0 0 8
8 0 0 8 8 0 6 8 8 0 8 8 8 0 0 0 8 8 0 0 0 0 0 0 0 8
8 0 0 0 0 0 6 8 6 0 8 8 0 0 0 0 8 8 0 0 0 0 0 0 0 8
8 0 0 0 0 0 6 8 6 0 8 8 8 0 0 0 8 8 0 0 0 0 0 8 8 8
8 0 0 8 8 0 6 6 0 0 0 0 0 0 0 0 8 8 0 0 0 0 0 8 8 8
8 0 0 8 8 0 0 0 0 0 0 0 0 0 0 8 8 8 8 7 7 8 8 8 8 8
8 0 0 8 8 8 8 8 8 0 0 0 0 0 0 8 8 8 8 7 7 8 8 8 8 8
8 0 0 8 8 8 8 8 8 0 0 0 0 0 0 8 8 8 8 7 7 7 8 8 8 8
8 0 0 0 8 8 8 0 0 0 0 0 0 0 0 8 8 8 8 7 7 7 8 8 8 8
8 0 0 0 0 0 0 0 0 0 8 0 0 0 0 8 8 8 8 7 7 7 8 8 8 8
8 0 0 0 0 0 0 0 0 0 0 0 0 0 0 7 7 7 7 7 7 7 8 8 8 8
8 8 8 8 8 8 8 8 8 0 0 0 0 0 8 8 8 8 8 8 8 0 8 8 8 8
8 8 8 8 8 8 8 8 0 0 0 0 8 8 8 8 8 8 8 8 8 0 8 8 8 8
8 0 0 0 0 0 0 0 0 0 0 0 0 0 0 0 0 0 0 0 0 0 3 3 3 8
8 8 8 8 8 8 8 8 8 8 8 8 8 8 8 8 8 8 8 8 8 8 8 8 8 8